0 0.546000 0.405000 0.090000 0.127143
0 0.081500 0.872143 0.067000 0.107143
0 0.352500 0.087857 0.067000 0.095714
0 0.653500 0.636429 0.051000 0.072857
0 0.286500 0.581429 0.087000 0.125714
0 0.167000 0.747857 0.042000 0.061429
0 0.683500 0.824286 0.041000 0.060000
0 0.151000 0.658571 0.080000 0.114286
0 0.880000 0.135000 0.062000 0.092857
0 0.087000 0.383571 0.062000 0.084286
0 0.768500 0.172857 0.063000 0.094286
0 0.756000 0.404286 0.056000 0.080000
0 0.417000 0.215714 0.066000 0.097143
0 0.918000 0.312143 0.060000 0.090000
