0 0.774000 0.787143 0.082000 0.117143
0 0.853500 0.400000 0.093000 0.131429
0 0.481500 0.849286 0.083000 0.121429
0 0.717500 0.231429 0.037000 0.054286
0 0.398500 0.229286 0.099000 0.138571
0 0.687000 0.811429 0.050000 0.074286
0 0.608500 0.324286 0.099000 0.142857
0 0.241500 0.232143 0.033000 0.044286
0 0.921500 0.651429 0.065000 0.094286
0 0.693500 0.087857 0.085000 0.121429
0 0.787500 0.747857 0.065000 0.095714
0 0.364000 0.105714 0.048000 0.068571
0 0.690500 0.543571 0.063000 0.090000
0 0.560000 0.216429 0.058000 0.087143
