0 0.318000 0.362143 0.060000 0.084286
0 0.721000 0.643571 0.056000 0.081429
0 0.296000 0.099286 0.078000 0.115714
0 0.525500 0.515714 0.101000 0.140000
0 0.380500 0.441429 0.085000 0.125714
0 0.336500 0.290714 0.087000 0.118571
0 0.387500 0.567857 0.051000 0.072857
0 0.778000 0.540714 0.072000 0.101429
0 0.617000 0.079286 0.060000 0.084286
0 0.425500 0.896429 0.041000 0.055714
0 0.204500 0.660000 0.043000 0.062857
0 0.193500 0.665000 0.053000 0.072857
0 0.497000 0.261429 0.036000 0.054286
0 0.778000 0.542857 0.054000 0.077143
0 0.903500 0.675714 0.077000 0.114286
