0 0.173500 0.295000 0.079000 0.107143
0 0.455000 0.210000 0.054000 0.080000
0 0.513500 0.447857 0.049000 0.070000
0 0.519000 0.323571 0.060000 0.092857
0 0.733500 0.705000 0.041000 0.055714
0 0.702500 0.475714 0.055000 0.071429
0 0.741500 0.896429 0.075000 0.104286
0 0.225000 0.674286 0.094000 0.131429
0 0.492000 0.172857 0.098000 0.142857
0 0.661000 0.733571 0.062000 0.095714
0 0.826000 0.137143 0.076000 0.111429
0 0.190500 0.715000 0.051000 0.072857
0 0.514500 0.454286 0.041000 0.057143
0 0.479000 0.306429 0.048000 0.070000
