0 0.370000 0.635714 0.072000 0.105714
0 0.568500 0.257143 0.069000 0.097143
0 0.867500 0.171429 0.081000 0.114286
0 0.245000 0.547143 0.056000 0.082857
0 0.547500 0.552143 0.049000 0.081429
0 0.372500 0.693571 0.039000 0.055714
0 0.639500 0.555714 0.057000 0.085714
0 0.267500 0.779286 0.077000 0.110000
0 0.490000 0.212143 0.042000 0.058571
0 0.440500 0.350714 0.093000 0.132857
0 0.331000 0.178571 0.096000 0.128571
0 0.809000 0.881429 0.040000 0.057143
0 0.080500 0.082143 0.057000 0.087143
0 0.433500 0.127857 0.055000 0.075714
