0 0.316000 0.475000 0.070000 0.104286
0 0.881000 0.237143 0.068000 0.094286
0 0.689500 0.655000 0.067000 0.084286
0 0.923000 0.457143 0.038000 0.057143
0 0.901000 0.462143 0.062000 0.087143
0 0.163500 0.193571 0.097000 0.132857
0 0.825500 0.822143 0.039000 0.050000
0 0.900000 0.557143 0.080000 0.111429
0 0.224500 0.092143 0.075000 0.110000
0 0.684500 0.871429 0.071000 0.102857
0 0.087000 0.355714 0.072000 0.097143
0 0.181500 0.295000 0.067000 0.098571
0 0.196000 0.263571 0.036000 0.058571
0 0.327500 0.512143 0.049000 0.078571
