0 0.154500 0.190714 0.079000 0.115714
0 0.667000 0.802857 0.038000 0.054286
0 0.870000 0.775000 0.046000 0.064286
0 0.796000 0.185714 0.056000 0.085714
0 0.249500 0.655714 0.097000 0.134286
0 0.415500 0.882143 0.103000 0.150000
0 0.809000 0.492143 0.082000 0.107143
0 0.082000 0.245714 0.062000 0.091429
0 0.307500 0.299286 0.069000 0.098571
0 0.121500 0.837143 0.071000 0.102857
0 0.160000 0.415000 0.074000 0.098571
0 0.861500 0.419286 0.085000 0.124286
0 0.516500 0.258571 0.049000 0.068571
0 0.108500 0.262857 0.051000 0.071429
0 0.942000 0.910000 0.086000 0.128571
