0 0.885000 0.879286 0.052000 0.072857
0 0.827500 0.812143 0.059000 0.081429
0 0.142000 0.215000 0.044000 0.061429
0 0.266500 0.623571 0.081000 0.115714
0 0.438500 0.237143 0.073000 0.108571
0 0.197500 0.263571 0.081000 0.104286
0 0.861500 0.256429 0.053000 0.078571
0 0.416500 0.318571 0.079000 0.114286
0 0.180500 0.220000 0.085000 0.117143
0 0.188500 0.860714 0.073000 0.107143
0 0.876000 0.783571 0.102000 0.147143
0 0.802500 0.300714 0.087000 0.110000
0 0.796000 0.720714 0.058000 0.087143
0 0.696500 0.329286 0.075000 0.107143
0 0.243000 0.122857 0.054000 0.074286
