0 0.946000 0.890000 0.086000 0.128571
0 0.664500 0.737143 0.049000 0.071429
0 0.797000 0.692857 0.070000 0.094286
0 0.556500 0.407857 0.089000 0.121429
0 0.887000 0.637857 0.092000 0.132857
0 0.420500 0.728571 0.041000 0.057143
0 0.546500 0.380000 0.067000 0.108571
0 0.622500 0.570000 0.053000 0.077143
0 0.736000 0.825714 0.060000 0.082857
0 0.497000 0.817143 0.064000 0.088571
0 0.202500 0.342143 0.053000 0.078571
0 0.684000 0.255714 0.094000 0.137143
0 0.795000 0.522857 0.078000 0.114286
0 0.102500 0.557143 0.055000 0.074286
