0 0.710500 0.490000 0.077000 0.105714
0 0.855000 0.615714 0.058000 0.082857
0 0.059500 0.674286 0.037000 0.054286
0 0.780500 0.655714 0.059000 0.085714
0 0.792500 0.688571 0.043000 0.062857
0 0.793500 0.189286 0.083000 0.112857
0 0.252500 0.563571 0.049000 0.067143
0 0.080000 0.535714 0.106000 0.148571
0 0.853000 0.769286 0.100000 0.144286
0 0.115000 0.601429 0.048000 0.071429
0 0.184000 0.093571 0.086000 0.118571
0 0.921500 0.611429 0.065000 0.088571
0 0.341000 0.295714 0.060000 0.088571
0 0.494500 0.640714 0.105000 0.150000
0 0.174500 0.757143 0.047000 0.068571
