0 0.335000 0.824286 0.060000 0.082857
0 0.364500 0.133571 0.071000 0.101429
0 0.713000 0.616429 0.088000 0.130000
0 0.791500 0.345000 0.109000 0.155714
0 0.793500 0.237857 0.099000 0.144286
0 0.790000 0.730000 0.054000 0.074286
0 0.510000 0.290000 0.090000 0.131429
0 0.139000 0.887857 0.086000 0.124286
0 0.250500 0.270714 0.067000 0.098571
0 0.921500 0.339286 0.067000 0.101429
0 0.333500 0.202857 0.069000 0.091429
0 0.841500 0.417143 0.063000 0.091429
0 0.255500 0.179286 0.079000 0.112857
0 0.388000 0.759286 0.060000 0.087143
0 0.193000 0.283571 0.072000 0.098571
