0 0.190000 0.307143 0.058000 0.085714
0 0.253000 0.865000 0.076000 0.104286
0 0.203500 0.236429 0.037000 0.052857
0 0.172500 0.558571 0.097000 0.137143
0 0.225500 0.810714 0.079000 0.121429
0 0.668500 0.709286 0.097000 0.138571
0 0.123500 0.540000 0.059000 0.085714
0 0.745000 0.412143 0.068000 0.104286
0 0.632000 0.525000 0.104000 0.150000
0 0.770500 0.888571 0.039000 0.054286
0 0.157000 0.417857 0.082000 0.107143
0 0.527500 0.839286 0.101000 0.141429
0 0.390000 0.746429 0.090000 0.124286
0 0.225500 0.595000 0.045000 0.067143
