0 0.858000 0.402857 0.084000 0.120000
0 0.107500 0.409286 0.057000 0.081429
0 0.647500 0.402857 0.093000 0.137143
0 0.928500 0.232857 0.037000 0.054286
0 0.868500 0.746429 0.047000 0.067143
0 0.343000 0.199286 0.066000 0.098571
0 0.886000 0.140714 0.052000 0.078571
0 0.351500 0.734286 0.071000 0.097143
0 0.291000 0.378571 0.072000 0.105714
0 0.433500 0.510000 0.059000 0.082857
0 0.123500 0.115714 0.051000 0.071429
0 0.755000 0.736429 0.048000 0.067143
0 0.610500 0.476429 0.101000 0.144286
0 0.349500 0.796429 0.061000 0.084286
0 0.871500 0.284286 0.057000 0.074286
