0 0.190000 0.707143 0.084000 0.117143
0 0.232000 0.682143 0.092000 0.124286
0 0.932500 0.170714 0.087000 0.118571
0 0.329500 0.423571 0.059000 0.087143
0 0.305500 0.573571 0.043000 0.058571
0 0.847000 0.534286 0.074000 0.102857
0 0.139000 0.124286 0.084000 0.114286
0 0.103500 0.187143 0.041000 0.057143
0 0.793500 0.556429 0.041000 0.055714
0 0.062500 0.737143 0.077000 0.108571
0 0.877000 0.598571 0.078000 0.114286
0 0.388000 0.256429 0.064000 0.092857
0 0.375500 0.135714 0.057000 0.080000
0 0.673000 0.857143 0.100000 0.142857
0 0.815500 0.582143 0.101000 0.144286
