0 0.085000 0.130000 0.066000 0.088571
0 0.522500 0.677143 0.055000 0.074286
0 0.085500 0.247143 0.065000 0.097143
0 0.816500 0.215000 0.095000 0.135714
0 0.376000 0.747143 0.110000 0.157143
0 0.511500 0.840714 0.057000 0.081429
0 0.788000 0.458571 0.066000 0.100000
0 0.887500 0.775714 0.065000 0.105714
0 0.782000 0.466429 0.094000 0.135714
0 0.407000 0.553571 0.108000 0.152857
0 0.337500 0.460714 0.055000 0.075714
0 0.456500 0.862143 0.055000 0.075714
0 0.281500 0.908571 0.043000 0.060000
0 0.318000 0.694286 0.100000 0.142857
0 0.565000 0.873571 0.096000 0.135714
