0 0.385500 0.094286 0.071000 0.100000
0 0.396000 0.092143 0.042000 0.061429
0 0.163000 0.342143 0.070000 0.098571
0 0.369500 0.534286 0.041000 0.060000
0 0.548000 0.460714 0.100000 0.144286
0 0.513000 0.135000 0.042000 0.058571
0 0.478500 0.514286 0.097000 0.137143
0 0.397500 0.295000 0.069000 0.092857
0 0.904000 0.398571 0.056000 0.082857
0 0.268000 0.291429 0.098000 0.140000
0 0.732000 0.860000 0.076000 0.102857
0 0.229500 0.782143 0.037000 0.055714
0 0.188000 0.346429 0.098000 0.135714
0 0.568000 0.240000 0.070000 0.108571
