0 0.837500 0.645714 0.075000 0.102857
0 0.519000 0.191429 0.046000 0.068571
0 0.780000 0.637143 0.070000 0.102857
0 0.682500 0.115000 0.083000 0.110000
0 0.819500 0.436429 0.037000 0.055714
0 0.476000 0.632143 0.096000 0.138571
0 0.918500 0.588571 0.047000 0.068571
0 0.841000 0.169286 0.106000 0.152857
0 0.843000 0.764286 0.074000 0.111429
0 0.744000 0.358571 0.064000 0.100000
0 0.841000 0.107143 0.068000 0.094286
0 0.704500 0.361429 0.067000 0.094286
0 0.285500 0.565000 0.075000 0.104286
0 0.307500 0.880714 0.085000 0.118571
0 0.776000 0.808571 0.062000 0.091429
