0 0.608000 0.392143 0.040000 0.052857
0 0.143500 0.717857 0.053000 0.067143
0 0.931000 0.492857 0.042000 0.060000
0 0.717000 0.640000 0.086000 0.125714
0 0.553500 0.232857 0.043000 0.062857
0 0.823500 0.502857 0.099000 0.142857
0 0.794500 0.722143 0.037000 0.050000
0 0.115000 0.867857 0.044000 0.061429
0 0.105000 0.532143 0.052000 0.067143
0 0.438500 0.105000 0.065000 0.101429
0 0.283000 0.319286 0.036000 0.055714
0 0.521500 0.705714 0.059000 0.088571
0 0.394500 0.350714 0.075000 0.107143
0 0.387500 0.191429 0.059000 0.085714
