0 0.568000 0.567857 0.044000 0.061429
0 0.068500 0.222143 0.039000 0.052857
0 0.937000 0.861429 0.068000 0.102857
0 0.479000 0.650000 0.060000 0.071429
0 0.617000 0.722143 0.062000 0.084286
0 0.782000 0.202857 0.056000 0.080000
0 0.884500 0.872857 0.051000 0.071429
0 0.698500 0.097857 0.069000 0.098571
0 0.164000 0.253571 0.076000 0.104286
0 0.152500 0.229286 0.055000 0.075714
0 0.256000 0.235000 0.034000 0.050000
0 0.445500 0.239286 0.043000 0.064286
0 0.371500 0.482857 0.053000 0.074286
0 0.361000 0.777857 0.086000 0.124286
0 0.482500 0.615714 0.059000 0.082857
