0 0.859500 0.902857 0.089000 0.125714
0 0.506000 0.637143 0.066000 0.094286
0 0.088000 0.585714 0.044000 0.062857
0 0.859000 0.617143 0.078000 0.105714
0 0.770000 0.727857 0.084000 0.121429
0 0.766000 0.686429 0.076000 0.107143
0 0.851000 0.682857 0.094000 0.131429
0 0.925000 0.710714 0.076000 0.107143
0 0.877000 0.144286 0.092000 0.131429
0 0.209500 0.863571 0.075000 0.112857
0 0.592500 0.845000 0.093000 0.130000
0 0.194500 0.295000 0.083000 0.118571
0 0.881500 0.206429 0.073000 0.101429
0 0.350000 0.273571 0.090000 0.130000
0 0.183500 0.578571 0.091000 0.134286
