0 0.516500 0.213571 0.061000 0.087143
0 0.191500 0.423571 0.057000 0.078571
0 0.870000 0.617143 0.040000 0.065714
0 0.907000 0.335714 0.052000 0.080000
0 0.384000 0.425000 0.108000 0.155714
0 0.433000 0.570000 0.066000 0.091429
0 0.433000 0.788571 0.078000 0.108571
0 0.145500 0.726429 0.061000 0.087143
0 0.299000 0.586429 0.102000 0.147143
0 0.768500 0.772857 0.055000 0.080000
0 0.531500 0.902857 0.061000 0.080000
0 0.757000 0.647143 0.058000 0.085714
0 0.305500 0.349286 0.041000 0.058571
0 0.274500 0.731429 0.081000 0.120000
