0 0.428000 0.569286 0.056000 0.084286
0 0.294000 0.177857 0.080000 0.110000
0 0.176500 0.806429 0.075000 0.112857
0 0.477000 0.681429 0.036000 0.048571
0 0.139000 0.274286 0.086000 0.125714
0 0.687500 0.568571 0.041000 0.060000
0 0.089000 0.800000 0.054000 0.074286
0 0.872000 0.217143 0.068000 0.094286
0 0.532000 0.686429 0.052000 0.075714
0 0.126500 0.782143 0.079000 0.107143
0 0.492000 0.885000 0.044000 0.067143
0 0.480000 0.455000 0.058000 0.081429
0 0.167500 0.771429 0.049000 0.068571
0 0.126000 0.417143 0.040000 0.057143
