0 0.482000 0.654286 0.094000 0.137143
0 0.820000 0.264286 0.074000 0.102857
0 0.314500 0.420000 0.037000 0.057143
0 0.069500 0.853571 0.031000 0.041429
0 0.371000 0.691429 0.062000 0.085714
0 0.656000 0.785000 0.042000 0.055714
0 0.845000 0.797143 0.098000 0.142857
0 0.095500 0.242143 0.045000 0.067143
0 0.933500 0.169286 0.055000 0.081429
0 0.347000 0.570714 0.044000 0.061429
0 0.295500 0.873571 0.065000 0.087143
0 0.831500 0.634286 0.059000 0.080000
0 0.224500 0.649286 0.051000 0.070000
0 0.155500 0.380000 0.045000 0.060000
0 0.501000 0.425714 0.032000 0.048571
