0 0.718500 0.577143 0.075000 0.108571
0 0.814000 0.347143 0.082000 0.117143
0 0.415000 0.140000 0.068000 0.102857
0 0.683500 0.697857 0.035000 0.047143
0 0.266500 0.504286 0.053000 0.077143
0 0.687500 0.719286 0.069000 0.104286
0 0.844500 0.194286 0.063000 0.085714
0 0.560500 0.549286 0.045000 0.064286
0 0.461000 0.159286 0.042000 0.055714
0 0.603500 0.295714 0.037000 0.051429
0 0.858500 0.212143 0.077000 0.118571
0 0.125500 0.428571 0.053000 0.074286
0 0.243500 0.787857 0.055000 0.075714
0 0.593500 0.134286 0.045000 0.068571
0 0.921500 0.874286 0.077000 0.102857
