0 0.656500 0.170714 0.065000 0.092857
0 0.145000 0.410714 0.076000 0.107143
0 0.504000 0.276429 0.090000 0.124286
0 0.176000 0.805000 0.086000 0.115714
0 0.874500 0.582857 0.057000 0.077143
0 0.513500 0.307143 0.079000 0.111429
0 0.419000 0.397857 0.084000 0.124286
0 0.841500 0.580714 0.087000 0.127143
0 0.066500 0.405714 0.039000 0.057143
0 0.402500 0.432857 0.037000 0.048571
0 0.460000 0.885000 0.038000 0.058571
0 0.157000 0.777857 0.044000 0.061429
0 0.100000 0.839286 0.046000 0.064286
0 0.061000 0.110000 0.104000 0.148571
0 0.535500 0.528571 0.063000 0.088571
