0 0.796000 0.874286 0.082000 0.111429
0 0.579500 0.253571 0.063000 0.087143
0 0.450000 0.672857 0.066000 0.097143
0 0.392500 0.163571 0.041000 0.064286
0 0.437000 0.382857 0.084000 0.120000
0 0.158500 0.249286 0.059000 0.084286
0 0.552500 0.257857 0.067000 0.092857
0 0.692500 0.118571 0.049000 0.065714
0 0.878000 0.787857 0.046000 0.064286
0 0.896000 0.319286 0.042000 0.064286
0 0.262500 0.102857 0.043000 0.060000
0 0.618500 0.656429 0.103000 0.144286
0 0.500000 0.329286 0.054000 0.070000
0 0.732000 0.223571 0.028000 0.047143
0 0.446500 0.572143 0.085000 0.121429
