0 0.918500 0.909286 0.043000 0.067143
0 0.845500 0.882857 0.087000 0.128571
0 0.457000 0.601429 0.086000 0.117143
0 0.357500 0.380000 0.087000 0.120000
0 0.390500 0.160000 0.101000 0.148571
0 0.204000 0.610714 0.058000 0.078571
0 0.884500 0.333571 0.051000 0.072857
0 0.927000 0.324286 0.088000 0.117143
0 0.654000 0.842143 0.104000 0.150000
0 0.077500 0.384286 0.079000 0.120000
0 0.726000 0.715000 0.062000 0.090000
0 0.656000 0.682857 0.032000 0.048571
0 0.287500 0.247143 0.053000 0.077143
0 0.555500 0.175000 0.085000 0.124286
