0 0.918000 0.743571 0.074000 0.107143
0 0.366000 0.702143 0.074000 0.104286
0 0.382000 0.654286 0.054000 0.071429
0 0.332500 0.840000 0.095000 0.137143
0 0.154500 0.262143 0.055000 0.081429
0 0.395000 0.757857 0.038000 0.058571
0 0.593000 0.217857 0.090000 0.121429
0 0.628000 0.459286 0.054000 0.070000
0 0.450000 0.257857 0.090000 0.127143
0 0.082500 0.691429 0.083000 0.117143
0 0.507500 0.250000 0.087000 0.125714
0 0.087000 0.128571 0.062000 0.094286
0 0.156000 0.770714 0.094000 0.132857
0 0.339500 0.487143 0.081000 0.120000
