0 0.563000 0.207857 0.094000 0.130000
0 0.323500 0.302857 0.037000 0.060000
0 0.584500 0.264286 0.039000 0.057143
0 0.884000 0.645714 0.052000 0.074286
0 0.425000 0.495000 0.078000 0.115714
0 0.564000 0.583571 0.066000 0.087143
0 0.298000 0.657857 0.048000 0.072857
0 0.475500 0.732143 0.077000 0.112857
0 0.438000 0.448571 0.076000 0.111429
0 0.454000 0.794286 0.034000 0.051429
0 0.333500 0.103571 0.039000 0.055714
0 0.733000 0.576429 0.076000 0.107143
0 0.233000 0.859286 0.094000 0.138571
0 0.652500 0.304286 0.057000 0.082857
