0 0.355000 0.332857 0.090000 0.131429
0 0.348000 0.187143 0.048000 0.068571
0 0.257000 0.095000 0.066000 0.095714
0 0.080500 0.557143 0.083000 0.117143
0 0.384500 0.696429 0.037000 0.050000
0 0.505500 0.444286 0.041000 0.060000
0 0.389500 0.802857 0.073000 0.108571
0 0.552000 0.375714 0.078000 0.108571
0 0.116000 0.348571 0.072000 0.100000
0 0.761500 0.882857 0.061000 0.088571
0 0.702000 0.324286 0.078000 0.114286
0 0.837500 0.689286 0.069000 0.107143
0 0.274000 0.460714 0.104000 0.150000
0 0.837500 0.152143 0.055000 0.092857
0 0.320500 0.755000 0.071000 0.095714
