0 0.510000 0.422857 0.044000 0.060000
0 0.251500 0.571429 0.071000 0.102857
0 0.193000 0.390000 0.052000 0.068571
0 0.134500 0.704286 0.043000 0.062857
0 0.475500 0.115000 0.067000 0.092857
0 0.519000 0.171429 0.050000 0.074286
0 0.541000 0.419286 0.064000 0.092857
0 0.728000 0.117857 0.038000 0.052857
0 0.200500 0.819286 0.083000 0.118571
0 0.639500 0.911429 0.051000 0.071429
0 0.728500 0.896429 0.101000 0.138571
0 0.485000 0.441429 0.052000 0.077143
0 0.710500 0.221429 0.039000 0.051429
0 0.163000 0.586429 0.062000 0.090000
