0 0.225000 0.602143 0.092000 0.132857
0 0.756500 0.468571 0.045000 0.068571
0 0.926000 0.347857 0.074000 0.110000
0 0.663000 0.745000 0.104000 0.147143
0 0.412500 0.528571 0.085000 0.122857
0 0.773000 0.505714 0.096000 0.134286
0 0.260500 0.503571 0.063000 0.090000
0 0.598000 0.702857 0.056000 0.080000
0 0.910000 0.709286 0.080000 0.101429
0 0.490500 0.737857 0.041000 0.061429
0 0.175000 0.356429 0.058000 0.081429
0 0.746000 0.750000 0.084000 0.120000
0 0.894500 0.401429 0.075000 0.111429
0 0.458000 0.328571 0.062000 0.082857
