0 0.272000 0.303571 0.062000 0.090000
0 0.769000 0.232143 0.036000 0.052857
0 0.538500 0.119286 0.043000 0.064286
0 0.524500 0.415714 0.093000 0.134286
0 0.272500 0.715000 0.065000 0.092857
0 0.407000 0.627857 0.106000 0.150000
0 0.763000 0.142857 0.100000 0.140000
0 0.663500 0.395714 0.077000 0.111429
0 0.205500 0.226429 0.095000 0.141429
0 0.905500 0.192143 0.049000 0.070000
0 0.176500 0.147143 0.077000 0.114286
0 0.883000 0.330000 0.068000 0.094286
0 0.365000 0.391429 0.080000 0.122857
0 0.260000 0.121429 0.104000 0.151429
0 0.902500 0.611429 0.067000 0.097143
