0 0.074500 0.718571 0.055000 0.082857
0 0.690500 0.272143 0.073000 0.101429
0 0.375500 0.511429 0.109000 0.154286
0 0.357000 0.152143 0.098000 0.144286
0 0.765000 0.472857 0.096000 0.134286
0 0.366500 0.168571 0.099000 0.142857
0 0.886500 0.275000 0.097000 0.144286
0 0.594500 0.780000 0.093000 0.134286
0 0.324000 0.694286 0.084000 0.111429
0 0.527000 0.387857 0.078000 0.104286
0 0.475000 0.399286 0.046000 0.067143
0 0.422000 0.641429 0.070000 0.094286
0 0.507500 0.289286 0.063000 0.095714
0 0.542000 0.492857 0.064000 0.100000
