0 0.125500 0.398571 0.049000 0.068571
0 0.075500 0.102143 0.055000 0.072857
0 0.657500 0.171429 0.055000 0.088571
0 0.935000 0.345714 0.072000 0.108571
0 0.164500 0.221429 0.073000 0.102857
0 0.207000 0.327857 0.056000 0.078571
0 0.456000 0.519286 0.078000 0.107143
0 0.818000 0.766429 0.030000 0.038571
0 0.426500 0.762143 0.053000 0.072857
0 0.181500 0.481429 0.047000 0.062857
0 0.539000 0.505000 0.042000 0.067143
0 0.476000 0.308571 0.040000 0.057143
0 0.837500 0.159286 0.039000 0.058571
0 0.411500 0.657143 0.059000 0.077143
0 0.301000 0.766429 0.096000 0.138571
