0 0.210000 0.605000 0.088000 0.124286
0 0.565500 0.390000 0.035000 0.048571
0 0.873000 0.754286 0.076000 0.114286
0 0.796000 0.517143 0.072000 0.100000
0 0.529500 0.774286 0.109000 0.154286
0 0.104500 0.239286 0.053000 0.072857
0 0.413000 0.507857 0.062000 0.087143
0 0.674000 0.905714 0.092000 0.131429
0 0.109500 0.652143 0.089000 0.132857
0 0.219000 0.572857 0.074000 0.105714
0 0.385500 0.543571 0.091000 0.127143
0 0.764500 0.106429 0.057000 0.078571
0 0.569000 0.101429 0.044000 0.060000
0 0.629000 0.189286 0.032000 0.044286
0 0.420000 0.118571 0.096000 0.140000
