0 0.684500 0.679286 0.039000 0.052857
0 0.631500 0.110000 0.079000 0.114286
0 0.389500 0.755000 0.065000 0.095714
0 0.374500 0.219286 0.063000 0.090000
0 0.473000 0.317857 0.094000 0.121429
0 0.699000 0.560714 0.074000 0.104286
0 0.207500 0.357857 0.057000 0.087143
0 0.855500 0.470714 0.093000 0.135714
0 0.343000 0.864286 0.044000 0.060000
0 0.857500 0.742857 0.069000 0.097143
0 0.259500 0.620000 0.051000 0.068571
0 0.365500 0.519286 0.045000 0.064286
0 0.875000 0.370000 0.102000 0.142857
0 0.630000 0.233571 0.096000 0.141429
