0 0.871500 0.633571 0.055000 0.075714
0 0.162000 0.519286 0.052000 0.070000
0 0.214500 0.173571 0.041000 0.052857
0 0.748500 0.812143 0.035000 0.052857
0 0.252000 0.103571 0.102000 0.147143
0 0.123000 0.521429 0.066000 0.097143
0 0.601500 0.463571 0.057000 0.084286
0 0.430500 0.385714 0.075000 0.105714
0 0.070000 0.811429 0.056000 0.074286
0 0.675000 0.845000 0.080000 0.118571
0 0.227000 0.247143 0.046000 0.065714
0 0.418500 0.598571 0.059000 0.085714
0 0.604500 0.315714 0.109000 0.154286
0 0.388000 0.127857 0.062000 0.090000
