0 0.231500 0.900000 0.061000 0.085714
0 0.305500 0.442143 0.043000 0.061429
0 0.259500 0.189286 0.049000 0.070000
0 0.289500 0.386429 0.065000 0.090000
0 0.225500 0.702857 0.105000 0.151429
0 0.829500 0.287857 0.095000 0.138571
0 0.662000 0.113571 0.094000 0.135714
0 0.072500 0.418571 0.071000 0.105714
0 0.639500 0.177143 0.085000 0.122857
0 0.460000 0.335000 0.042000 0.055714
0 0.128500 0.092143 0.043000 0.064286
0 0.496000 0.452143 0.098000 0.138571
0 0.435500 0.150000 0.067000 0.094286
0 0.805500 0.634286 0.049000 0.071429
