0 0.473000 0.385714 0.086000 0.122857
0 0.567500 0.587143 0.091000 0.117143
0 0.790000 0.322857 0.064000 0.097143
0 0.111000 0.138571 0.084000 0.128571
0 0.238500 0.256429 0.083000 0.110000
0 0.139500 0.713571 0.045000 0.064286
0 0.123500 0.122857 0.083000 0.117143
0 0.671000 0.827143 0.050000 0.062857
0 0.354000 0.734286 0.066000 0.094286
0 0.737000 0.165714 0.072000 0.114286
0 0.534000 0.138571 0.076000 0.114286
0 0.214500 0.427143 0.029000 0.042857
0 0.761000 0.575000 0.102000 0.147143
0 0.608500 0.180714 0.061000 0.087143
0 0.893500 0.792143 0.099000 0.144286
