0 0.101000 0.152143 0.090000 0.132857
0 0.819000 0.563571 0.044000 0.064286
0 0.866500 0.142143 0.061000 0.090000
0 0.596500 0.158571 0.097000 0.134286
0 0.618500 0.880714 0.047000 0.067143
0 0.693000 0.277857 0.072000 0.107143
0 0.426500 0.231429 0.037000 0.051429
0 0.251000 0.528571 0.048000 0.074286
0 0.596000 0.439286 0.030000 0.044286
0 0.466000 0.457143 0.090000 0.131429
0 0.367500 0.646429 0.073000 0.098571
0 0.480000 0.697857 0.082000 0.110000
0 0.464000 0.385000 0.096000 0.138571
0 0.891000 0.853571 0.054000 0.078571
