0 0.431500 0.725000 0.087000 0.124286
0 0.398000 0.882143 0.080000 0.107143
0 0.087000 0.179286 0.092000 0.132857
0 0.400000 0.559286 0.058000 0.078571
0 0.674500 0.143571 0.077000 0.104286
0 0.077500 0.806429 0.055000 0.075714
0 0.149000 0.706429 0.084000 0.121429
0 0.594500 0.852143 0.073000 0.107143
0 0.101000 0.337143 0.058000 0.071429
0 0.353500 0.100714 0.047000 0.070000
0 0.106500 0.784286 0.057000 0.077143
0 0.430000 0.441429 0.066000 0.097143
0 0.747000 0.592857 0.066000 0.111429
0 0.441500 0.621429 0.081000 0.108571
0 0.727500 0.132857 0.099000 0.145714
