0 0.346000 0.095000 0.042000 0.058571
0 0.705500 0.128571 0.103000 0.145714
0 0.533000 0.244286 0.054000 0.077143
0 0.259000 0.706429 0.058000 0.084286
0 0.248500 0.670714 0.067000 0.095714
0 0.112000 0.580714 0.048000 0.067143
0 0.532000 0.690000 0.096000 0.131429
0 0.212500 0.377143 0.045000 0.068571
0 0.603000 0.902143 0.038000 0.055714
0 0.568500 0.142857 0.053000 0.082857
0 0.758500 0.787857 0.047000 0.072857
0 0.880500 0.309286 0.075000 0.104286
0 0.906500 0.617857 0.071000 0.107143
0 0.091000 0.191429 0.080000 0.108571
0 0.867500 0.581429 0.075000 0.100000
