0 0.623000 0.137857 0.066000 0.092857
0 0.839000 0.536429 0.038000 0.052857
0 0.869500 0.652857 0.043000 0.062857
0 0.140500 0.857857 0.075000 0.104286
0 0.924000 0.815714 0.082000 0.117143
0 0.899500 0.113571 0.083000 0.107143
0 0.300500 0.582143 0.035000 0.047143
0 0.666000 0.158571 0.064000 0.091429
0 0.097500 0.788571 0.037000 0.054286
0 0.743500 0.348571 0.101000 0.145714
0 0.071000 0.183571 0.046000 0.064286
0 0.681500 0.804286 0.081000 0.102857
0 0.417000 0.117143 0.056000 0.074286
0 0.646500 0.122857 0.097000 0.137143
