0 0.229500 0.897143 0.087000 0.128571
0 0.380500 0.350714 0.037000 0.055714
0 0.838500 0.900000 0.079000 0.108571
0 0.675500 0.099286 0.055000 0.078571
0 0.174000 0.838571 0.098000 0.142857
0 0.208000 0.856429 0.044000 0.061429
0 0.502500 0.447143 0.053000 0.080000
0 0.213500 0.572143 0.043000 0.067143
0 0.922500 0.202143 0.079000 0.112857
0 0.475000 0.696429 0.088000 0.127143
0 0.860500 0.450000 0.047000 0.065714
0 0.700500 0.465714 0.079000 0.117143
0 0.842000 0.486429 0.084000 0.132857
0 0.233500 0.322143 0.047000 0.070000
0 0.783500 0.402143 0.083000 0.104286
