0 0.785500 0.170000 0.081000 0.111429
0 0.245500 0.156429 0.033000 0.050000
0 0.334000 0.275000 0.068000 0.101429
0 0.547500 0.238571 0.041000 0.060000
0 0.232000 0.465000 0.036000 0.050000
0 0.230000 0.613571 0.066000 0.098571
0 0.451000 0.399286 0.074000 0.107143
0 0.904000 0.751429 0.084000 0.122857
0 0.267000 0.646429 0.104000 0.150000
0 0.262000 0.514286 0.060000 0.085714
0 0.162500 0.310000 0.037000 0.054286
0 0.852000 0.232143 0.046000 0.072857
0 0.902000 0.832143 0.070000 0.098571
0 0.147000 0.445714 0.108000 0.154286
0 0.241500 0.280714 0.105000 0.144286
