0 0.431000 0.875714 0.050000 0.071429
0 0.207000 0.400714 0.072000 0.101429
0 0.442500 0.415714 0.057000 0.085714
0 0.539500 0.706429 0.099000 0.138571
0 0.112500 0.830000 0.053000 0.074286
0 0.083000 0.482143 0.040000 0.055714
0 0.346000 0.356429 0.088000 0.124286
0 0.282500 0.340000 0.065000 0.097143
0 0.268000 0.685714 0.092000 0.134286
0 0.739500 0.904286 0.095000 0.140000
0 0.619000 0.755714 0.042000 0.060000
0 0.245500 0.205714 0.067000 0.108571
0 0.124000 0.322857 0.032000 0.051429
0 0.260000 0.818571 0.046000 0.068571
0 0.146500 0.669286 0.051000 0.070000
