0 0.785000 0.791429 0.068000 0.100000
0 0.772000 0.227857 0.092000 0.127143
0 0.764000 0.393571 0.044000 0.067143
0 0.508000 0.325714 0.078000 0.114286
0 0.771000 0.677143 0.070000 0.097143
0 0.904500 0.365000 0.055000 0.075714
0 0.223500 0.566429 0.055000 0.075714
0 0.877000 0.559286 0.050000 0.061429
0 0.831500 0.476429 0.047000 0.067143
0 0.208500 0.840714 0.037000 0.052857
0 0.182500 0.367857 0.055000 0.075714
0 0.268000 0.453571 0.092000 0.132857
0 0.757000 0.380000 0.070000 0.097143
0 0.471000 0.182143 0.086000 0.130000
0 0.899500 0.770714 0.047000 0.064286
